2,3,4,5,6,7,8,9,10,11,20,73,109,110
1,3,12,57,102,103,104,105,106,110
1,2,4,12,13
1,3,5,13,14
1,4,6,14,15
1,5,7,15,16
1,6,8,16,17
1,7,9,17,18
1,8,10,18,19
1,9,11,19,20
1,10,20
2,3,13,21,57,58
3,4,12,14,21,22
4,5,13,15,22,23
5,6,14,16,23,24
6,7,15,17,24,25
7,8,16,18,25,26
8,9,17,19,26,27
9,10,18,20,27,28
1,10,11,19,28,73
12,13,22,29,58,59
13,14,21,23,29,30
14,15,22,24,30,31
15,16,23,25,31,32
16,17,24,26,32,33
17,18,25,27,33,34
18,19,26,28,34,35
19,20,27,35,72,73
21,22,30,36,59,60
22,23,29,31,36,37
23,24,30,32,37,38
24,25,31,33,38,39
25,26,32,34,39,40
26,27,33,35,40,41
27,28,34,41,71,72
29,30,37,42,60,61
30,31,36,38,42,43
31,32,37,39,43,44
32,33,38,40,44,45
33,34,39,41,45,46
34,35,40,46,70,71
36,37,43,47,61,62
37,38,42,44,47,48
38,39,43,45,48,49
39,40,44,46,49,50
40,41,45,50,69,70
42,43,48,51,62,63
43,44,47,49,51,52
44,45,48,50,52,53
45,46,49,53,68,69
47,48,52,54,63,64
48,49,51,53,54,55
49,50,52,55,67,68
51,52,55,56,64,65
52,53,54,56,66,67
54,55,65,66
2,12,58,102
12,21,57,59,95,102
21,29,58,60,89,95
29,36,59,61,84,89
36,42,60,62,80,84
42,47,61,63,77,80
47,51,62,64,75,77
51,54,63,65,74,75
54,56,64,66,74
55,56,65,67,74
53,55,66,68,74,76
50,53,67,69,76,79
46,50,68,70,79,83
41,46,69,71,83,88
35,41,70,72,88,94
28,35,71,73,94,101
1,20,28,72,101,109
64,65,66,67,75,76
63,64,74,76,77,78
67,68,74,75,78,79
62,63,75,78,80,81
75,76,77,79,81,82
68,69,76,78,82,83
61,62,77,81,84,85
77,78,80,82,85,86
78,79,81,83,86,87
69,70,79,82,87,88
60,61,80,85,89,90
80,81,84,86,90,91
81,82,85,87,91,92
82,83,86,88,92,93
70,71,83,87,93,94
59,60,84,90,95,96
84,85,89,91,96,97
85,86,90,92,97,98
86,87,91,93,98,99
87,88,92,94,99,100
71,72,88,93,100,101
58,59,89,96,102,103
89,90,95,97,103,104
90,91,96,98,104,105
91,92,97,99,105,106
92,93,98,100,106,107
93,94,99,101,107,108
72,73,100,108,109
2,57,59,95,103
2,95,96,102,104
2,96,97,103,105
2,97,98,104,106
2,98,99,105,107,110
99,100,106,108,110
100,101,107,109,110
1,73,101,108,110
1,2,106,107,108,109